service_id,date,exception_type
130540,20261126,2
130540,20270304,1
130540,20261001,1
130540,20261119,1
130540,20261022,1
130540,20261112,1
130540,20261210,1
130540,20270204,1
130540,20270107,1
130540,20261015,1
130540,20261105,1
130540,20261203,1
130540,20270128,1
130540,20261231,1
130540,20270225,1
130540,20261008,1
130540,20270325,1
130540,20270121,1
130540,20261224,1
130540,20270218,1
130540,20261029,1
130540,20270318,1
130540,20270114,1
130540,20261217,1
130540,20270311,1
130540,20270211,1
130540,20270101,2
130540,20261225,2
130540,20261030,1
130540,20270319,1
130540,20261218,1
130540,20270115,1
130540,20270312,1
130540,20270212,1
130540,20270305,1
130540,20270205,1
130540,20270326,1
130540,20261002,1
130540,20261120,1
130540,20261023,1
130540,20261211,1
130540,20261113,1
130540,20270108,1
130540,20261016,1
130540,20261204,1
130540,20261106,1
130540,20270129,1
130540,20270226,1
130540,20261009,1
130540,20261127,1
130540,20270122,1
130540,20270219,1
128666,20270118,2
128666,20270215,2
128666,20260928,1
128666,20261026,1
128666,20261116,1
128666,20261214,1
128666,20261019,1
128666,20261109,1
128666,20261207,1
128666,20270201,1
128666,20270104,1
128666,20261012,1
128666,20261130,1
128666,20261102,1
128666,20270125,1
128666,20261228,1
128666,20270222,1
128666,20261005,1
128666,20261123,1
128666,20270322,1
128666,20261221,1
128666,20270315,1
128666,20270111,1
128666,20270308,1
128666,20270208,1
128666,20270301,1
128666,20261126,2
128666,20270304,1
128666,20261001,1
128666,20261119,1
128666,20261022,1
128666,20261112,1
128666,20261210,1
128666,20270204,1
128666,20270107,1
128666,20261015,1
128666,20261105,1
128666,20261203,1
128666,20270128,1
128666,20261231,1
128666,20270225,1
128666,20261008,1
128666,20270325,1
128666,20270121,1
128666,20261224,1
128666,20270218,1
128666,20261029,1
128666,20270318,1
128666,20270114,1
128666,20261217,1
128666,20270311,1
128666,20270211,1
128666,20270101,2
128666,20261225,2
128666,20261030,1
128666,20270319,1
128666,20261218,1
128666,20270115,1
128666,20270312,1
128666,20270212,1
128666,20270305,1
128666,20270205,1
128666,20270326,1
128666,20261002,1
128666,20261120,1
128666,20261023,1
128666,20261211,1
128666,20261113,1
128666,20270108,1
128666,20261016,1
128666,20261204,1
128666,20261106,1
128666,20270129,1
128666,20270226,1
128666,20261009,1
128666,20261127,1
128666,20270122,1
128666,20270219,1
128245,20261126,2
128245,20270304,1
128245,20261001,1
128245,20261119,1
128245,20261022,1
128245,20261112,1
128245,20261210,1
128245,20270204,1
128245,20270107,1
128245,20261015,1
128245,20261105,1
128245,20261203,1
128245,20270128,1
128245,20261231,1
128245,20270225,1
128245,20261008,1
128245,20270325,1
128245,20270121,1
128245,20261224,1
128245,20270218,1
128245,20261029,1
128245,20270318,1
128245,20270114,1
128245,20261217,1
128245,20270311,1
128245,20270211,1
128245,20261002,2
128245,20270101,2
128245,20261009,2
128245,20261225,2
128245,20261030,1
128245,20270319,1
128245,20261218,1
128245,20270115,1
128245,20270312,1
128245,20270212,1
128245,20270305,1
128245,20270205,1
128245,20270326,1
128245,20261120,1
128245,20261023,1
128245,20261211,1
128245,20261113,1
128245,20270108,1
128245,20261016,1
128245,20261204,1
128245,20261106,1
128245,20270129,1
128245,20270226,1
128245,20261127,1
128245,20270122,1
128245,20270219,1
127210,20270118,2
127210,20270215,2
127210,20260928,1
127210,20261026,1
127210,20261116,1
127210,20261214,1
127210,20261019,1
127210,20261109,1
127210,20261207,1
127210,20270201,1
127210,20270104,1
127210,20261012,1
127210,20261130,1
127210,20261102,1
127210,20270125,1
127210,20261228,1
127210,20270222,1
127210,20261005,1
127210,20261123,1
127210,20270322,1
127210,20261221,1
127210,20270315,1
127210,20270111,1
127210,20270308,1
127210,20270208,1
127210,20270301,1
127210,20261126,2
127210,20270304,1
127210,20261001,1
127210,20261119,1
127210,20261022,1
127210,20261112,1
127210,20261210,1
127210,20270204,1
127210,20270107,1
127210,20261015,1
127210,20261105,1
127210,20261203,1
127210,20270128,1
127210,20261231,1
127210,20270225,1
127210,20261008,1
127210,20270325,1
127210,20270121,1
127210,20261224,1
127210,20270218,1
127210,20261029,1
127210,20270318,1
127210,20270114,1
127210,20261217,1
127210,20270311,1
127210,20270211,1
127210,20270101,2
127210,20261127,2
127210,20261225,2
127210,20261030,1
127210,20270319,1
127210,20261218,1
127210,20270115,1
127210,20270312,1
127210,20270212,1
127210,20270305,1
127210,20270205,1
127210,20270326,1
127210,20261002,1
127210,20261120,1
127210,20261023,1
127210,20261211,1
127210,20261113,1
127210,20270108,1
127210,20261016,1
127210,20261204,1
127210,20261106,1
127210,20270129,1
127210,20270226,1
127210,20261009,1
127210,20270122,1
127210,20270219,1
110639,20261228,2
110639,20270118,2
110639,20261221,2
110639,20270215,2
110639,20260928,1
110639,20261026,1
110639,20261116,1
110639,20261214,1
110639,20261019,1
110639,20261109,1
110639,20261207,1
110639,20270201,1
110639,20270104,1
110639,20261012,1
110639,20261130,1
110639,20261102,1
110639,20270125,1
110639,20270222,1
110639,20261005,1
110639,20261123,1
110639,20270322,1
110639,20270315,1
110639,20270111,1
110639,20270308,1
110639,20270208,1
110639,20270301,1
110639,20261229,2
110639,20261222,2
110639,20270216,2
110639,20260929,1
110639,20261027,1
110639,20261215,1
110639,20261117,1
110639,20261020,1
110639,20261208,1
110639,20261110,1
110639,20270202,1
110639,20270105,1
110639,20261013,1
110639,20261201,1
110639,20261103,1
110639,20270126,1
110639,20270223,1
110639,20261006,1
110639,20261124,1
110639,20270323,1
110639,20270119,1
110639,20270316,1
110639,20270112,1
110639,20270309,1
110639,20270209,1
110639,20270302,1
110639,20261111,2
110639,20261230,2
110639,20261125,2
110639,20261223,2
110639,20270217,2
110639,20260930,1
110639,20261216,1
110639,20261118,1
110639,20261021,1
110639,20261209,1
110639,20270106,1
110639,20270203,1
110639,20261014,1
110639,20261104,1
110639,20261202,1
110639,20270127,1
110639,20270224,1
110639,20261007,1
110639,20270324,1
110639,20270120,1
110639,20261028,1
110639,20270317,1
110639,20270113,1
110639,20270310,1
110639,20270210,1
110639,20270303,1
110639,20261231,2
110639,20261126,2
110639,20261224,2
110639,20270218,2
110639,20270304,1
110639,20261001,1
110639,20261119,1
110639,20261022,1
110639,20261112,1
110639,20261210,1
110639,20270107,1
110639,20270204,1
110639,20261015,1
110639,20261105,1
110639,20261203,1
110639,20270128,1
110639,20270225,1
110639,20261008,1
110639,20270325,1
110639,20270121,1
110639,20261029,1
110639,20270318,1
110639,20270114,1
110639,20261217,1
110639,20270311,1
110639,20270211,1
110639,20270101,2
110639,20261009,2
110639,20261127,2
110639,20261225,2
110639,20270219,2
110639,20261030,1
110639,20270319,1
110639,20261218,1
110639,20270115,1
110639,20270312,1
110639,20270212,1
110639,20270305,1
110639,20270205,1
110639,20270326,1
110639,20261002,1
110639,20261120,1
110639,20261023,1
110639,20261211,1
110639,20261113,1
110639,20270108,1
110639,20261016,1
110639,20261204,1
110639,20261106,1
110639,20270129,1
110639,20270226,1
110639,20270122,1
108258,20261102,2
108258,20270125,2
108258,20261228,2
108258,20261123,2
108258,20270118,2
108258,20261221,2
108258,20270215,2
108258,20270308,2
108258,20260928,1
108258,20261026,1
108258,20261116,1
108258,20261214,1
108258,20261019,1
108258,20261109,1
108258,20261207,1
108258,20270201,1
108258,20270104,1
108258,20261012,1
108258,20261130,1
108258,20270222,1
108258,20261005,1
108258,20270322,1
108258,20270315,1
108258,20270111,1
108258,20270208,1
108258,20270301,1
108258,20261229,2
108258,20261124,2
108258,20261222,2
108258,20270216,2
108258,20260929,1
108258,20261027,1
108258,20261215,1
108258,20261117,1
108258,20261020,1
108258,20261208,1
108258,20261110,1
108258,20270202,1
108258,20270105,1
108258,20261013,1
108258,20261201,1
108258,20261103,1
108258,20270126,1
108258,20270223,1
108258,20261006,1
108258,20270323,1
108258,20270119,1
108258,20270316,1
108258,20270112,1
108258,20270309,1
108258,20270209,1
108258,20270302,1
108258,20261111,2
108258,20261230,2
108258,20261125,2
108258,20261223,2
108258,20270217,2
108258,20260930,1
108258,20261216,1
108258,20261118,1
108258,20261021,1
108258,20261209,1
108258,20270106,1
108258,20270203,1
108258,20261014,1
108258,20261104,1
108258,20261202,1
108258,20270127,1
108258,20270224,1
108258,20261007,1
108258,20270324,1
108258,20270120,1
108258,20261028,1
108258,20270317,1
108258,20270113,1
108258,20270310,1
108258,20270210,1
108258,20270303,1
108258,20261231,2
108258,20261126,2
108258,20261224,2
108258,20270218,2
108258,20270304,1
108258,20261001,1
108258,20261119,1
108258,20261022,1
108258,20261112,1
108258,20261210,1
108258,20270107,1
108258,20270204,1
108258,20261015,1
108258,20261105,1
108258,20261203,1
108258,20270128,1
108258,20270225,1
108258,20261008,1
108258,20270325,1
108258,20270121,1
108258,20261029,1
108258,20270318,1
108258,20270114,1
108258,20261217,1
108258,20270311,1
108258,20270211,1
108258,20270101,2
108258,20261009,2
108258,20261127,2
108258,20261225,2
108258,20270219,2
108258,20261030,1
108258,20270319,1
108258,20261218,1
108258,20270115,1
108258,20270312,1
108258,20270212,1
108258,20270305,1
108258,20270205,1
108258,20270326,1
108258,20261002,1
108258,20261120,1
108258,20261023,1
108258,20261211,1
108258,20261113,1
108258,20270108,1
108258,20261016,1
108258,20261204,1
108258,20261106,1
108258,20270129,1
108258,20270226,1
108258,20270122,1
87923,20261228,2
87923,20270118,2
87923,20261221,2
87923,20270215,2
87923,20260928,1
87923,20261026,1
87923,20261116,1
87923,20261214,1
87923,20261019,1
87923,20261109,1
87923,20261207,1
87923,20270201,1
87923,20270104,1
87923,20261012,1
87923,20261130,1
87923,20261102,1
87923,20270125,1
87923,20270222,1
87923,20261005,1
87923,20261123,1
87923,20270322,1
87923,20270315,1
87923,20270111,1
87923,20270308,1
87923,20270208,1
87923,20270301,1
87923,20261229,2
87923,20261222,2
87923,20270216,2
87923,20260929,1
87923,20261027,1
87923,20261215,1
87923,20261117,1
87923,20261020,1
87923,20261208,1
87923,20261110,1
87923,20270202,1
87923,20270105,1
87923,20261013,1
87923,20261201,1
87923,20261103,1
87923,20270126,1
87923,20270223,1
87923,20261006,1
87923,20261124,1
87923,20270323,1
87923,20270119,1
87923,20270316,1
87923,20270112,1
87923,20270309,1
87923,20270209,1
87923,20270302,1
87923,20270128,2
87923,20261231,2
87923,20261126,2
87923,20261224,2
87923,20270218,2
87923,20270304,1
87923,20261001,1
87923,20261119,1
87923,20261022,1
87923,20261112,1
87923,20261210,1
87923,20270107,1
87923,20270204,1
87923,20261015,1
87923,20261105,1
87923,20261203,1
87923,20270225,1
87923,20261008,1
87923,20270325,1
87923,20270121,1
87923,20261029,1
87923,20270318,1
87923,20270114,1
87923,20261217,1
87923,20270311,1
87923,20270211,1
87923,20261218,2
87923,20270101,2
87923,20261009,2
87923,20261127,2
87923,20261225,2
87923,20270219,2
87923,20261030,1
87923,20270319,1
87923,20270115,1
87923,20270312,1
87923,20270212,1
87923,20270205,1
87923,20270305,1
87923,20270326,1
87923,20261002,1
87923,20261120,1
87923,20261023,1
87923,20261211,1
87923,20261113,1
87923,20270108,1
87923,20261016,1
87923,20261204,1
87923,20261106,1
87923,20270129,1
87923,20270226,1
87923,20270122,1
28596,20261026,2
28596,20261116,2
28596,20261214,2
28596,20261019,2
28596,20261109,2
28596,20261207,2
28596,20270201,2
28596,20270104,2
28596,20261012,2
28596,20261130,2
28596,20261102,2
28596,20270125,2
28596,20261228,2
28596,20270222,2
28596,20261005,2
28596,20261123,2
28596,20261221,2
28596,20270315,2
28596,20270111,2
28596,20270308,2
28596,20270208,2
28596,20270301,2
28596,20270118,1
28596,20270215,1
28596,20261030,2
28596,20270319,2
28596,20261218,2
28596,20270115,2
28596,20270312,2
28596,20270212,2
28596,20270305,2
28596,20270205,2
28596,20261120,2
28596,20261023,2
28596,20261211,2
28596,20261113,2
28596,20270108,2
28596,20261016,2
28596,20261204,2
28596,20261106,2
28596,20270129,2
28596,20270101,2
28596,20270226,2
28596,20261009,2
28596,20270122,2
28596,20261225,2
28596,20270219,2
28596,20261127,1
27404,20261026,2
27404,20261116,2
27404,20261214,2
27404,20261019,2
27404,20261109,2
27404,20261207,2
27404,20270201,2
27404,20270104,2
27404,20261012,2
27404,20261130,2
27404,20261102,2
27404,20270125,2
27404,20261228,2
27404,20270222,2
27404,20261005,2
27404,20261123,2
27404,20261221,2
27404,20270315,2
27404,20270111,2
27404,20270308,2
27404,20270208,2
27404,20270301,2
27404,20270118,1
27404,20270215,1
27404,20270304,2
27404,20261119,2
27404,20261022,2
27404,20261112,2
27404,20261210,2
27404,20270204,2
27404,20270107,2
27404,20261015,2
27404,20261105,2
27404,20261203,2
27404,20270128,2
27404,20261231,2
27404,20270225,2
27404,20261008,2
27404,20270121,2
27404,20261224,2
27404,20270218,2
27404,20261029,2
27404,20270318,2
27404,20270114,2
27404,20261217,2
27404,20270311,2
27404,20270211,2
27404,20261126,1
27404,20261030,2
27404,20270319,2
27404,20261218,2
27404,20270115,2
27404,20270312,2
27404,20270212,2
27404,20270305,2
27404,20270205,2
27404,20261120,2
27404,20261023,2
27404,20261211,2
27404,20261113,2
27404,20270108,2
27404,20261016,2
27404,20261204,2
27404,20261106,2
27404,20270129,2
27404,20270226,2
27404,20261009,2
27404,20261127,2
27404,20270122,2
27404,20270219,2
27404,20270101,1
27404,20261225,1
25530,20270304,2
25530,20261119,2
25530,20261022,2
25530,20261112,2
25530,20261210,2
25530,20270204,2
25530,20270107,2
25530,20261015,2
25530,20261105,2
25530,20261203,2
25530,20270128,2
25530,20261231,2
25530,20270225,2
25530,20261008,2
25530,20270121,2
25530,20261224,2
25530,20270218,2
25530,20261029,2
25530,20270318,2
25530,20270114,2
25530,20261217,2
25530,20270311,2
25530,20270211,2
25530,20261126,1
25530,20261030,2
25530,20270319,2
25530,20261218,2
25530,20270115,2
25530,20270312,2
25530,20270212,2
25530,20270305,2
25530,20270205,2
25530,20261120,2
25530,20261023,2
25530,20261211,2
25530,20261113,2
25530,20270108,2
25530,20261016,2
25530,20261204,2
25530,20261106,2
25530,20270129,2
25530,20270226,2
25530,20261009,2
25530,20261127,2
25530,20270122,2
25530,20270219,2
25530,20270101,1
25530,20261225,1
25268,20261026,2
25268,20261116,2
25268,20261214,2
25268,20261019,2
25268,20261109,2
25268,20261207,2
25268,20270201,2
25268,20270104,2
25268,20261012,2
25268,20261130,2
25268,20261102,2
25268,20270125,2
25268,20261228,2
25268,20270222,2
25268,20261005,2
25268,20261123,2
25268,20261221,2
25268,20270315,2
25268,20270111,2
25268,20270308,2
25268,20270208,2
25268,20270301,2
25268,20270118,1
25268,20270215,1
25268,20261030,2
25268,20270319,2
25268,20261218,2
25268,20270115,2
25268,20270312,2
25268,20270212,2
25268,20270305,2
25268,20270205,2
25268,20261120,2
25268,20261023,2
25268,20261211,2
25268,20261113,2
25268,20270108,2
25268,20261016,2
25268,20261204,2
25268,20261106,2
25268,20270129,2
25268,20270226,2
25268,20261009,2
25268,20261127,2
25268,20270122,2
25268,20261225,2
25268,20270219,2
25268,20270101,1
22282,20261026,2
22282,20261116,2
22282,20261214,2
22282,20261019,2
22282,20261109,2
22282,20261207,2
22282,20270201,2
22282,20270104,2
22282,20261012,2
22282,20261130,2
22282,20270222,2
22282,20270111,2
22282,20270208,2
22282,20270301,2
22282,20261221,1
22282,20261102,1
22282,20270125,1
22282,20270308,1
22282,20270118,1
22282,20261123,1
22282,20270215,1
22282,20261228,1
22282,20261027,2
22282,20261215,2
22282,20261117,2
22282,20261020,2
22282,20261208,2
22282,20261110,2
22282,20270202,2
22282,20270105,2
22282,20261013,2
22282,20261201,2
22282,20261103,2
22282,20270126,2
22282,20270223,2
22282,20270119,2
22282,20270112,2
22282,20270209,2
22282,20270302,2
22282,20261124,1
22282,20270216,1
22282,20261229,1
22282,20261222,1
22282,20261216,2
22282,20261118,2
22282,20261021,2
22282,20261209,2
22282,20270106,2
22282,20270203,2
22282,20261014,2
22282,20261104,2
22282,20261202,2
22282,20270127,2
22282,20270224,2
22282,20270120,2
22282,20261028,2
22282,20270113,2
22282,20270210,2
22282,20270303,2
22282,20270217,1
22282,20261230,1
22282,20261111,1
22282,20261223,1
22282,20261125,1
22282,20270304,2
22282,20261119,2
22282,20261022,2
22282,20261112,2
22282,20261210,2
22282,20270107,2
22282,20270204,2
22282,20261015,2
22282,20261105,2
22282,20261203,2
22282,20270128,2
22282,20270225,2
22282,20261126,2
22282,20270121,2
22282,20261029,2
22282,20270114,2
22282,20261217,2
22282,20270211,2
22282,20270218,1
22282,20261231,1
22282,20261224,1
22282,20261030,2
22282,20261218,2
22282,20270115,2
22282,20270212,2
22282,20270305,2
22282,20270205,2
22282,20261120,2
22282,20261023,2
22282,20261211,2
22282,20261113,2
22282,20270108,2
22282,20261016,2
22282,20261204,2
22282,20261106,2
22282,20270129,2
22282,20270101,2
22282,20270226,2
22282,20270122,2
22282,20261225,2
22282,20270219,1
22282,20261009,1
22282,20261127,1
21836,20261111,2
21836,20261230,2
21836,20261223,2
21836,20270217,2
21836,20260930,1
21836,20261216,1
21836,20261118,1
21836,20261021,1
21836,20261209,1
21836,20270106,1
21836,20270203,1
21836,20261014,1
21836,20261104,1
21836,20261202,1
21836,20270127,1
21836,20270224,1
21836,20261007,1
21836,20261125,1
21836,20270324,1
21836,20270120,1
21836,20261028,1
21836,20270317,1
21836,20270113,1
21836,20270310,1
21836,20270210,1
21836,20270303,1
19901,20261026,2
19901,20261116,2
19901,20261214,2
19901,20261019,2
19901,20261109,2
19901,20261207,2
19901,20270201,2
19901,20270104,2
19901,20261012,2
19901,20261130,2
19901,20261102,2
19901,20270125,2
19901,20261123,2
19901,20270111,2
19901,20270208,2
19901,20261221,1
19901,20270118,1
19901,20270215,1
19901,20261228,1
19901,20261027,2
19901,20261215,2
19901,20261117,2
19901,20261020,2
19901,20261208,2
19901,20261110,2
19901,20270202,2
19901,20270105,2
19901,20261013,2
19901,20261201,2
19901,20261103,2
19901,20270126,2
19901,20261124,2
19901,20270119,2
19901,20270112,2
19901,20270209,2
19901,20270216,1
19901,20261229,1
19901,20261222,1
19901,20261216,2
19901,20261118,2
19901,20261021,2
19901,20261209,2
19901,20270106,2
19901,20270203,2
19901,20261014,2
19901,20261104,2
19901,20261202,2
19901,20270127,2
19901,20270120,2
19901,20261028,2
19901,20270113,2
19901,20270210,2
19901,20270217,1
19901,20261230,1
19901,20261111,1
19901,20261223,1
19901,20261125,1
19901,20261119,2
19901,20261022,2
19901,20261112,2
19901,20261210,2
19901,20270107,2
19901,20270204,2
19901,20261015,2
19901,20261105,2
19901,20261203,2
19901,20270128,2
19901,20261126,2
19901,20270121,2
19901,20261029,2
19901,20270114,2
19901,20261217,2
19901,20270211,2
19901,20270218,1
19901,20261231,1
19901,20261224,1
19901,20261030,2
19901,20261218,2
19901,20270115,2
19901,20270212,2
19901,20270205,2
19901,20261120,2
19901,20261023,2
19901,20261211,2
19901,20261113,2
19901,20270108,2
19901,20261016,2
19901,20261204,2
19901,20261106,2
19901,20270129,2
19901,20270101,2
19901,20270122,2
19901,20261225,2
19901,20270219,1
19901,20261009,1
19901,20261127,1
3291,20261203,2
3291,20261231,2
3291,20261224,2
3291,20261217,2
3291,20261210,2
3291,20261126,1
3291,20261218,2
3291,20261211,2
3291,20261204,2
3291,20261127,2
3291,20270101,1
3291,20261225,1
