service_id,monday,tuesday,wednesday,thursday,friday,saturday,sunday,start_date,end_date
108258,0,0,0,0,0,0,0,20260928,20270326
110639,0,0,0,0,0,0,0,20260928,20270326
127210,0,1,1,0,0,0,0,20260928,20270326
128245,1,1,1,0,0,0,0,20260928,20270326
128666,0,1,1,0,0,0,0,20260928,20270326
130540,1,1,1,0,0,0,0,20260928,20270326
133831,1,1,1,1,1,0,0,20260928,20270326
19901,0,0,0,0,0,0,0,20261009,20270219
21836,0,0,0,0,0,0,0,20260930,20270324
22239,0,0,0,0,0,0,1,20261004,20270321
22282,0,0,0,0,0,0,0,20261009,20270308
2295,0,0,0,0,1,0,0,20261002,20261009
25266,0,0,0,0,0,1,0,20261003,20270320
25268,0,0,0,0,0,0,1,20261004,20270321
25530,0,0,0,0,0,0,1,20261004,20270321
27404,0,0,0,0,0,0,1,20261004,20270321
28596,0,0,0,0,0,1,0,20261003,20270320
3291,0,0,0,0,0,0,0,20261126,20270101
63424.171903,1,1,1,1,1,0,0,20260829,20271231
87923,0,0,0,0,0,0,0,20260928,20270326
