service_id,monday,tuesday,wednesday,thursday,friday,saturday,sunday,start_date,end_date
LLR_2026-08-29_20260730_Link_Fall26-PHrev_Saturday,0,0,0,0,0,1,0,20260829,20260926
LLR_2026-08-30_20260730_Link_Fall26-PHrev_Sunday,0,0,0,0,0,0,1,20260830,20260927
LLR_2026-08-31_20260730_Link_Fall26-PHrev_Weekday,1,1,1,1,1,0,0,20260831,20260918
LLR_2026-09-21_20260903_Link_MISFencing_Weekday,1,1,1,1,1,0,0,20260921,20260929
LLR_2026-09-30_20260903_Link_MISFencing-PHActive_Weekday,1,1,1,1,1,0,0,20260930,20261016
LLR_2026-10-03_20260903_Link_Fall26PHActive_Saturday,0,0,0,0,0,1,0,20261003,20270327
LLR_2026-10-04_20260903_Link_Fall26PHActive_Sunday,0,0,0,0,0,0,1,20261004,20270328
LLR_2026-10-19_20260903_Link_Fall26PHActive_Weekday,1,1,1,1,1,0,0,20261019,20270326
LLR_BusBridge202609_15-17-Fr,0,0,0,0,1,0,0,20260915,20260917
LLR_BusBridge202609_15-17-Mo-Th,1,1,1,1,0,0,0,20260915,20260917
LinkShuttle_SurgeArrestor-MoFr,1,0,0,0,1,0,0,20260901,20260910
LinkShuttle_SurgeArrestor-Tu-Th,0,1,1,1,0,0,0,20260901,20260910
SNDR_2026-04-15_Apr15_Sounder_Spring2026_Weekday,1,1,1,1,1,0,0,20260901,20261125
SNDR_2026-08-23_20260427_Sounder_EventStart1310_Weekend,0,0,0,0,0,0,1,20260823,20260823
SNDR_2026-08-29_20260427_Sounder_EventStart1330_Weekend,0,0,0,0,0,1,0,20260829,20260829
SNDR_2026-09-06_20260427_Sounder_EventStart1310_Weekend,0,0,0,0,0,0,1,20260906,20260906
SNDR_2026-09-27_20260730_Sounder_Mariners1210_Weekend,0,0,0,0,0,0,1,20260927,20260927
SNDR_2026-10-04_20260813_Sounder_Seahawks1325_Sunday,0,0,0,0,0,0,1,20261004,20261011
SNDR_2026-11-08_20260813_Sounder_Seahawks1325_Sunday,0,0,0,0,0,0,1,20261108,20261108
SNDR_2026-12-13_20260813_Sounder_Seahawks1325_Sunday,0,0,0,0,0,0,1,20261213,20261213
TLINE_2026-08-30_TLink_Saturday_ForGTFS_09162023_12mins,0,0,0,0,0,1,0,20260830,20270320
TLINE_2026-08-30_TLink_Sunday_ForGTFS_09162023_20mins,0,0,0,0,0,0,1,20260830,20270321
TLINE_2026-08-31_TLink_Weekday_forGTFS_09162023_12mins,1,1,1,1,1,0,0,20260831,20270326
